accuracy: 0.9103470824084112
recall: 0.7895015906680806
precision: 0.4027589937787395
f1: 0.5334049794017554
roc_auc: 0.9763164619329847
average_precision: 0.732991610285276
