accuracy: 0.9074921705613105
recall: 0.806930693069307
precision: 0.39563106796116504
f1: 0.5309446254071661
roc_auc: 0.941095910793312
average_precision: 0.6276373993222706
