accuracy: 0.874809282903718
recall: 0.6893564356435643
precision: 0.29865951742627345
f1: 0.4167601945379723
roc_auc: 0.8905757793469343
average_precision: 0.43482625226706534
