accuracy: 0.854492893278728
recall: 0.6646039603960396
precision: 0.2584215591915303
f1: 0.37214137214137216
roc_auc: 0.8719176844691767
average_precision: 0.4401136144573542
