accuracy: 0.8946438609170481
recall: 0.8155940594059405
precision: 0.36169045005488476
f1: 0.5011406844106464
roc_auc: 0.9364953938502479
average_precision: 0.6033173132889074
