accuracy: 0.8657099100029253
recall: 0.6529692470837752
precision: 0.2749497655726725
f1: 0.38695993715632365
roc_auc: 0.9609280706144496
average_precision: 0.7164256379578547
