accuracy: 0.9037179796033085
recall: 0.7970297029702971
precision: 0.3835616438356164
f1: 0.5178930438279051
roc_auc: 0.941012428314536
average_precision: 0.6133606187573847
