accuracy: 0.8551353087609411
recall: 0.7042079207920792
precision: 0.2666354264292409
f1: 0.3868116927260367
roc_auc: 0.888376433177882
average_precision: 0.4715115266498186
