accuracy: 0.9297675788078983
recall: 0.9561840967225483
precision: 0.9082010766971964
f1: 0.9315751257249917
roc_auc: 0.9829150426831234
average_precision: 0.9802184153692609
