accuracy: 0.92995551253653
recall: 0.9566852186214471
precision: 0.9081367611979857
f1: 0.9317790387788031
roc_auc: 0.9832825706776498
average_precision: 0.9806370205347941
