accuracy: 0.8921545009234723
recall: 0.8007425742574258
precision: 0.3537452159650082
f1: 0.490709139173303
roc_auc: 0.9361526427438793
average_precision: 0.5859286534716275
