accuracy: 0.9353156780754737
recall: 0.0034464475079533405
precision: 1.0
f1: 0.006869220607661823
roc_auc: 0.954910519688102
average_precision: 0.6933817024349901
