accuracy: 0.8734441500040151
recall: 0.6782178217821783
precision: 0.2939914163090129
f1: 0.4101796407185629
roc_auc: 0.8898225771482259
average_precision: 0.4350984586230037
