accuracy: 0.8749698867742712
recall: 0.6435643564356436
precision: 0.2906651760760201
f1: 0.40046207162110126
roc_auc: 0.8768345952242284
average_precision: 0.4120508291260458
