accuracy: 0.891993897052919
recall: 0.8131188118811881
precision: 0.3549432739059968
f1: 0.4941707408800301
roc_auc: 0.9367025855655553
average_precision: 0.5892450889362327
