accuracy: 0.9597852459862681
recall: 0.61983032873807
precision: 0.7213822894168467
f1: 0.6667617282190218
roc_auc: 0.9999994511505768
average_precision: 0.9999915785371096
