accuracy: 0.954468802698145
recall: 0.6324257425742574
precision: 0.6542893725992317
f1: 0.6431718061674009
roc_auc: 0.9538888699947708
average_precision: 0.7155601429904968
