accuracy: 0.9600899381675099
recall: 0.6670792079207921
precision: 0.7027379400260756
f1: 0.6844444444444444
roc_auc: 0.9595373019483142
average_precision: 0.7472774440849285
