accuracy: 0.9613747691319361
recall: 0.6423267326732673
precision: 0.729957805907173
f1: 0.6833443054641212
roc_auc: 0.9620923653121001
average_precision: 0.7494055175114859
