accuracy: 0.9803831361218969
recall: 0.9871183820687879
precision: 0.9739981479127703
f1: 0.9805143765880052
roc_auc: 0.9999999991533874
average_precision: 0.9999999989840649
