accuracy: 0.9592862182300002
recall: 0.5153764581124072
precision: 0.7832393231265109
f1: 0.6216821234409977
roc_auc: 0.9999994511505768
average_precision: 0.9999915785371096
