accuracy: 0.9600899381675099
recall: 0.5792079207920792
precision: 0.7488
f1: 0.6531751570132589
roc_auc: 0.9543911464997937
average_precision: 0.7212275591131121
