accuracy: 0.8710350919457159
recall: 0.6311881188118812
precision: 0.28052805280528054
f1: 0.38842345773038844
roc_auc: 0.8735147452057357
average_precision: 0.40193841259248214
