accuracy: 0.8936802376937284
recall: 0.8094059405940595
precision: 0.35855263157894735
f1: 0.4969604863221885
roc_auc: 0.9364267904892679
average_precision: 0.6022724957575258
