accuracy: 0.9585642013972536
recall: 0.6547029702970297
precision: 0.6906005221932114
f1: 0.6721728081321474
roc_auc: 0.9564092331302688
average_precision: 0.7323765930792183
