accuracy: 0.9551915201156348
recall: 0.655940594059406
precision: 0.654320987654321
f1: 0.6551297898640297
roc_auc: 0.9561617615174999
average_precision: 0.7032789375973849
