accuracy: 0.957737511400203
recall: 0.6352067868504772
precision: 0.6892980437284235
f1: 0.6611479028697572
roc_auc: 0.9999999975606693
average_precision: 0.9999999297346019
