accuracy: 0.9618565807435959
recall: 0.6472772277227723
precision: 0.7335203366058906
f1: 0.6877054569362262
roc_auc: 0.9574438100744382
average_precision: 0.742589492024825
