accuracy: 0.9571990684975508
recall: 0.5643564356435643
precision: 0.7158555729984302
f1: 0.6311418685121107
roc_auc: 0.9528875053671102
average_precision: 0.6988370822208424
