accuracy: 0.9811095827602018
recall: 0.9792421746293245
precision: 0.9829848223145051
f1: 0.9811099292080843
roc_auc: 0.9999999715771927
average_precision: 0.9999999695112759
