accuracy: 0.9819839096199932
recall: 0.9786538130487175
precision: 0.9850125617257213
f1: 0.9818228919304003
roc_auc: 0.9986241012661937
average_precision: 0.9987131900641156
