accuracy: 0.9807428962684013
recall: 0.9770717045942464
precision: 0.9841709194706341
f1: 0.9806084633284495
roc_auc: 0.9981934095053095
average_precision: 0.9983757371131977
