accuracy: 0.9139306097234899
recall: 0.9491818667059322
precision: 0.8869358833241607
f1: 0.9170037786174705
roc_auc: 0.9860756634268157
average_precision: 0.9871017161178481
