accuracy: 0.9149384734532312
recall: 0.9502297754270355
precision: 0.8865070376961657
f1: 0.917263025737602
roc_auc: 0.9782970028479806
average_precision: 0.9799871377890981
