accuracy: 0.9145475668000517
recall: 0.9493409149651073
precision: 0.8874124184585649
f1: 0.9173326673326674
roc_auc: 0.9788324007734893
average_precision: 0.9805810060482678
