accuracy: 0.9180503252310852
recall: 0.9519710793596143
precision: 0.8907143432391077
f1: 0.9203245267318494
roc_auc: 0.9792836281192427
average_precision: 0.9808526772999729
