accuracy: 0.9153507565337001
recall: 0.9488559399597291
precision: 0.889537178453143
f1: 0.9182395507648158
roc_auc: 0.9861781455453589
average_precision: 0.9871513096474623
