accuracy: 0.9152687435809654
recall: 0.9507943323314727
precision: 0.8872505809760397
f1: 0.9179240590283535
roc_auc: 0.9789872726552857
average_precision: 0.9807208018944409
