accuracy: 0.9592865141577348
recall: 0.6198044009779952
precision: 0.7191489361702128
f1: 0.6657912015758372
roc_auc: 0.9629729996676959
average_precision: 0.7481612610891943
