accuracy: 0.9597696552827322
recall: 0.6324786324786325
precision: 0.7194444444444444
f1: 0.673164392462638
roc_auc: 0.9597875307392596
average_precision: 0.7305157719847344
