accuracy: 0.9592753200898136
recall: 0.6233630172865374
precision: 0.7172995780590717
f1: 0.6670403587443946
roc_auc: 0.9999995940943368
average_precision: 0.9999937654895106
