accuracy: 0.8573142445813005
recall: 0.6862026862026862
precision: 0.26902824317855434
f1: 0.38651994497936726
roc_auc: 0.8738394531787206
average_precision: 0.4551482908689993
