accuracy: 0.867044889703992
recall: 0.6503404924044002
precision: 0.27883211678832115
f1: 0.39031674919437237
roc_auc: 0.9608737563734995
average_precision: 0.7116877999418931
