accuracy: 0.8565829467285234
recall: 0.6797066014669927
precision: 0.26641111643507426
f1: 0.3827882960413081
roc_auc: 0.8795773418856289
average_precision: 0.4682650422013423
